100 172
1 2
2 3
3 4
4 5
5 6
6 7
7 8
8 9
9 10
10 1
11 12
12 13
13 14
14 15
15 16
16 17
17 18
18 19
19 20
20 11
21 22
22 23
23 24
24 25
25 26
26 27
27 28
28 29
29 30
30 21
31 32
32 33
33 34
34 35
35 36
36 37
37 38
38 39
39 40
40 31
41 42
42 43
43 44
44 45
45 46
46 47
47 48
48 49
49 50
50 41
51 52
52 53
53 54
54 55
55 56
56 57
57 58
58 59
59 60
60 51
61 62
62 63
63 64
64 65
65 66
66 67
67 68
68 69
69 70
70 61
71 72
72 73
73 74
74 75
75 76
76 77
77 78
78 79
79 80
80 71
81 82
82 83
83 84
84 85
85 86
86 87
87 88
88 89
89 90
90 81
91 92
92 93
93 94
94 95
95 96
96 97
97 98
98 99
99 100
100 91
10 20
20 30
30 40
40 50
50 60
60 70
70 80
80 90
90 100
5 15
15 25
25 35
35 45
45 55
55 65
65 75
75 85
85 95
2 22
22 42
42 62
62 82
82 99
7 77
37 97
67 87
12 32
32 52
52 72
72 92
9 29
29 49
49 69
69 89
21 41
41 61
61 81
81 91
11 31
31 51
51 71
71 91
8 28
28 48
48 68
68 88
6 26
26 46
46 66
66 86
17 37
37 57
57 77
77 97
3 13
13 23
23 33
33 43
43 53
53 63
63 73
73 83
83 93
4 14
14 24
24 34
34 44
44 54
54 64
64 74
74 84
84 94